[[ 0 , 0 , 0 , 2 , 0 , 0 , 0 , 6 , 3 ],
[ 3 , 0 , 0 , 0 , 0 , 5 , 4 , 0 , 1 ],
[ 0 , 0 , 1 , 0 , 0 , 3 , 9 , 8 , 0 ],
[ 0 , 0 , 0 , 0 , 0 , 0 , 0 , 9 , 0 ],
[ 0 , 0 , 0 , 5 , 3 , 8 , 0 , 0 , 0 ],
[ 0 , 3 , 0 , 0 , 0 , 0 , 0 , 0 , 0 ],
[ 0 , 2 , 6 , 3 , 0 , 0 , 5 , 0 , 0 ],
[ 5 , 0 , 3 , 7 , 0 , 0 , 0 , 0 , 8 ],
[ 4 , 7 , 0 , 0 , 0 , 1 , 0 , 0 , 0 ]]

[[ 8 , 5 , 4 , 2 , 1 , 9 , 7 , 6 , 3 ],
[ 3 , 9 , 7 , 8 , 6 , 5 , 4 , 2 , 1 ],
[ 2 , 6 , 1 , 4 , 7 , 3 , 9 , 8 , 5 ],
[ 7 , 8 , 5 , 1 , 2 , 6 , 3 , 9 , 4 ],
[ 6 , 4 , 9 , 5 , 3 , 8 , 1 , 7 , 2 ],
[ 1 , 3 , 2 , 9 , 4 , 7 , 8 , 5 , 6 ]
[ 9 , 2 , 6 , 3 , 8 , 4 , 5 , 1 , 7 ],
[ 5 , 1 , 3 , 7 , 9 , 2 , 6 , 4 , 8 ],
[ 4 , 7 , 8 , 6 , 5 , 1 , 2 , 3 , 9 ]]